#
10011111
01010110
10110011
01100100
01010110
10110011
01100100
10010010
10110011
01100100
10010010
01110111
01100100
10010010
01110111
01000011
11011101
01010110
10100010
01111001
01010110
10100010
01111001
10000000
10100010
01111001
10000000
10001110
01111001
10000000
10001110
01010011
11011101
01010110
10100010
01111001
01010110
10100010
01111001
10000000
01010110
10110011
01100100
10010010
10110011
01100100
10010010
01110111
11011101
01010110
10100010
01111001
10011111
01010110
10110011
01100100
01010110
10110011
01100100
10010010
10100010
01111001
10000000
10001110
11011101
01010110
10100010
01111001
10011111
01010110
10110011
01100100
01010110
10100010
01111001
10000000
10100010
01111001
10000000
10001110
11011101
01010110
10100010
01111001
10011111
01010110
10110011
01100100
01010110
10100010
01111001
10000000
01010110
10110011
01100100
10010010
11011101
01010110
10100010
01111001
10011111
01010110
10110011
01100100
01010110
10100010
01111001
10000000
01010110
10110011
01100100
10010010
11010011
10011111
01010110
10110011
11011101
01010110
10100010
01111001
10011111
01010110
10110011
01100100
01010110
10100010
01111001
10000000
11010011
10011111
01010110
10110011
11011101
01010110
10100010
01111001
10011111
01010110
10110011
01100100
01010110
10100010
01111001
10000000
11010011
10011111
01010110
10110011
11011101
01010110
10100010
01111001
11011101
01010110
10100010
01111001
10011111
01010110
10110011
01100100
11010011
10011111
01010110
10110011
11011101
01010110
10100010
01111001
11011101
01010110
10100010
01111001
10011111
01010110
10110011
01100100
11010011
10011111
01010110
10110011
11010011
10011111
01010110
10110011
11011101
01010110
10100010
01111001
11011101
01010110
10100010
01111001
11010011
10011111
01010110
10110011
11010011
10011111
01010110
10110011
11010011
10011111
01010110
10110011
11011101
01010110
10100010
01111001
11010011
10011111
01010110
10110011
11010011
10011111
01010110
10110011
11010011
10011111
01010110
10110011
11010011
10011111
01010110
10110011
11010011
10011111
01010110
10110011
11010011
10011111
01010110
10110011
11010011
10011111
01010110
10110011
11010011
10011111
01010110
10110011
11010011
10011111
01010110
10110011
11010011
10011111
01010110
10110011
11010011
10011111
01010110
10110011
11010011
10011111
01010110
10110011
11010011
10011111
01010110
10110011
11010011
10011111
01010110
10110011
11010011
10011111
01010110
10110011
11010011
10011111
01010110
10110011
10100001
11011101
01010110
10100010
10100001
11011101
01010110
10100010
10100001
11011101
01010110
10100010
10100001
11011101
01010110
10100010
10100001
11011101
01010110
10100010
10100001
11011101
01010110
10100010
10100001
11011101
01010110
10100010
10100001
11011101
01010110
10100010
10100001
11011101
01010110
10100010
10100001
11011101
01010110
10100010
10100001
11011101
01010110
10100010
10100001
11011101
01010110
10100010
#
00111000
11011101
10011111
01010110
00111000
11011101
10011111
01010110
00111000
11011101
10011111
01010110
00111000
11011101
10011111
01010110
00110011
11011101
10011111
01010110
00110011
11011101
10011111
01010110
00110011
11011101
10011111
10100010
00110011
11011101
10011111
10100010
10100010
11011101
10011111
01010110
10100010
11011101
10011111
01010110
10100010
11011101
10011111
10100010
10100010
11011101
10011111
10100010
10011110
11011101
10011111
01010110
10011110
11011101
10011111
10100010
10011110
11011101
10011111
10100010
00101100
10011110
11011101
10011111
10011110
11011101
10011111
01010110
10011110
11011101
10011111
10100010
00101010
10011110
11011101
10011111
00101010
10011110
11011101
10011111
10011100
11011101
10011111
01010110
10011100
11011101
10011111
10100010
00111001
10011100
11011101
10011111
00111001
10011100
11011101
10011111
10011100
11011101
10011111
01010110
10011100
11011101
10011111
10100010
00000000
10011100
11011101
10011111
00000000
10011100
11011101
10011111
10011100
11011101
10011111
10100010
00000000
10011100
11011101
10011111
00000000
10011100
11011101
10011111
00000000
00000000
10011100
11011101
10011100
11011101
10011111
10100010
00000000
10011100
11011101
10011111
00000000
10011100
11011101
10011111
00000000
00000000
10011100
11011101
11010011
10011111
01010110
10110011
11011101
01010110
10100010
01111001
11011101
01010110
10100010
01111001
10011111
01010110
10110011
01100100
11010011
10011111
01010110
10110011
11011101
01010110
10100010
01111001
11011101
01010110
10100010
01111001
10011111
01010110
10110011
01100100
11010011
10011111
01010110
10110011
11010011
10011111
01010110
10110011
11011101
01010110
10100010
01111001
11011101
01010110
10100010
01111001
11010011
10011111
01010110
10110011
11010011
10011111
01010110
10110011
11010011
10011111
01010110
10110011
11011101
01010110
10100010
01111001
11010011
10011111
01010110
10110011
11010011
10011111
01010110
10110011
11010011
10011111
01010110
10110011
11010011
10011111
01010110
10110011
11010011
10011111
01010110
10110011
11010011
10011111
01010110
10110011
11010011
10011111
01010110
10110011
11010011
10011111
01010110
10110011
11010011
10011111
01010110
10110011
11010011
10011111
01010110
10110011
11010011
10011111
01010110
10110011
11010011
10011111
01010110
10110011
11010011
10011111
01010110
10110011
11010011
10011111
01010110
10110011
11010011
10011111
01010110
10110011
11010011
10011111
01010110
10110011
10100001
11011101
01010110
10100010
10100001
11011101
01010110
10100010
10100001
11011101
01010110
10100010
10100001
11011101
01010110
10100010
10100001
11011101
01010110
10100010
10100001
11011101
01010110
10100010
10100001
11011101
01010110
10100010
10100001
11011101
01010110
10100010
10100001
11011101
01010110
10100010
10100001
11011101
01010110
10100010
10100001
11011101
01010110
10100010
10100001
11011101
01010110
10100010
#
00110101
11011101
10011111
01010110
01001110
00110101
11011101
10011111
10011110
01001110
00110101
11011101
10011110
01001110
00110101
11011101
00110101
11011101
10011111
01010110
01001011
00110101
11011101
10011111
11001011
01001011
00110101
11011101
01001101
11001011
01001011
00110101
00110101
11011101
10011111
01010110
01001011
00110101
11011101
10011111
11000110
01001011
00110101
11011101
11010011
11000110
01001011
00110101
01001000
11000010
10111000
00111111
00111011
01001000
11000010
10111000
11011100
00111011
01001000
11000010
10011011
11011100
00111011
01001000
10011110
11011101
10011111
01010110
10011110
11011101
10011111
10100010
00101010
10011110
11011101
10011111
00101010
10011110
11011101
10011111
10011100
11011101
10011111
01010110
10011100
11011101
10011111
10100010
00111001
10011100
11011101
10011111
00111001
10011100
11011101
10011111
10011100
11011101
10011111
01010110
10011100
11011101
10011111
10100010
00000000
10011100
11011101
10011111
00000000
10011100
11011101
10011111
10011100
11011101
10011111
10100010
00000000
10011100
11011101
10011111
00000000
10011100
11011101
10011111
00000000
00000000
10011100
11011101
10011100
11011101
10011111
10100010
00000000
10011100
11011101
10011111
00000000
10011100
11011101
10011111
00000000
00000000
10011100
11011101
11010011
10011111
01010110
10110011
11011101
01010110
10100010
01111001
11011101
01010110
10100010
01111001
10011111
01010110
10110011
01100100
11010011
10011111
01010110
10110011
11011101
01010110
10100010
01111001
11011101
01010110
10100010
01111001
10011111
01010110
10110011
01100100
11010011
10011111
01010110
10110011
11010011
10011111
01010110
10110011
11011101
01010110
10100010
01111001
11011101
01010110
10100010
01111001
11010011
10011111
01010110
10110011
11010011
10011111
01010110
10110011
11010011
10011111
01010110
10110011
11011101
01010110
10100010
01111001
11010011
10011111
01010110
10110011
11010011
10011111
01010110
10110011
11010011
10011111
01010110
10110011
11010011
10011111
01010110
10110011
11010011
10011111
01010110
10110011
11010011
10011111
01010110
10110011
11010011
10011111
01010110
10110011
11010011
10011111
01010110
10110011
11010011
10011111
01010110
10110011
11010011
10011111
01010110
10110011
11010011
10011111
01010110
10110011
11010011
10011111
01010110
10110011
11010011
10011111
01010110
10110011
11010011
10011111
01010110
10110011
11010011
10011111
01010110
10110011
11010011
10011111
01010110
10110011
10100001
11011101
01010110
10100010
10100001
11011101
01010110
10100010
10100001
11011101
01010110
10100010
10100001
11011101
01010110
10100010
10100001
11011101
01010110
10100010
10100001
11011101
01010110
10100010
10100001
11011101
01010110
10100010
10100001
11011101
01010110
10100010
10100001
11011101
01010110
10100010
10100001
11011101
01010110
10100010
10100001
11011101
01010110
10100010
10100001
11011101
01010110
10100010
#
00010110
10001001
11010101
10000000
10100110
00010110
10001001
11010101
11010010
10100110
00010110
10001001
01010010
11010010
10100110
00010110
00010110
10001001
11010101
10000000
10100110
00010110
10001001
11010101
11001100
10100110
01001000
11000010
11000101
11001100
10100110
01001000
00010110
10001001
11010101
10000000
01000000
01001000
11000010
10111000
10110010
01000000
01001000
11000010
10110010
01000000
00010110
10001001
01001000
11000010
10111000
00111111
00111011
01001000
11000010
10111000
11011100
00111011
01001000
11000010
10011011
11011100
00111011
01001000
10011110
11011101
10011111
01010110
10011110
11011101
10011111
10100010
00101010
10011110
11011101
10011111
00101010
10011110
11011101
10011111
10011100
11011101
10011111
01010110
10011100
11011101
10011111
10100010
00111001
10011100
11011101
10011111
00111001
10011100
11011101
10011111
10011100
11011101
10011111
01010110
10011100
11011101
10011111
10100010
00000000
10011100
11011101
10011111
00000000
10011100
11011101
10011111
10011100
11011101
10011111
10100010
00000000
10011100
11011101
10011111
00000000
10011100
11011101
10011111
00000000
00000000
10011100
11011101
10011100
11011101
10011111
10100010
00000000
10011100
11011101
10011111
00000000
10011100
11011101
10011111
00000000
00000000
10011100
11011101
11010011
10011111
01010110
10110011
11011101
01010110
10100010
01111001
11011101
01010110
10100010
01111001
10011111
01010110
10110011
01100100
11010011
10011111
01010110
10110011
11011101
01010110
10100010
01111001
11011101
01010110
10100010
01111001
10011111
01010110
10110011
01100100
11010011
10011111
01010110
10110011
11010011
10011111
01010110
10110011
11011101
01010110
10100010
01111001
11011101
01010110
10100010
01111001
11010011
10011111
01010110
10110011
11010011
10011111
01010110
10110011
11010011
10011111
01010110
10110011
11011101
01010110
10100010
01111001
11010011
10011111
01010110
10110011
11010011
10011111
01010110
10110011
11010011
10011111
01010110
10110011
11010011
10011111
01010110
10110011
11010011
10011111
01010110
10110011
11010011
10011111
01010110
10110011
11010011
10011111
01010110
10110011
11010011
10011111
01010110
10110011
11010011
10011111
01010110
10110011
11010011
10011111
01010110
10110011
11010011
10011111
01010110
10110011
11010011
10011111
01010110
10110011
11010011
10011111
01010110
10110011
11010011
10011111
01010110
10110011
11010011
10011111
01010110
10110011
11010011
10011111
01010110
10110011
10100001
11011101
01010110
10100010
10100001
11011101
01010110
10100010
10100001
11011101
01010110
10100010
10100001
11011101
01010110
10100010
10100001
11011101
01010110
10100010
10100001
11011101
01010110
10100010
10100001
11011101
01010110
10100010
10100001
11011101
01010110
10100010
10100001
11011101
01010110
10100010
10100001
11011101
01010110
10100010
10100001
11011101
01010110
10100010
10100001
11011101
01010110
10100010
#
00010111
10001001
11010101
10000000
10011110
00010111
10001001
11010101
00111011
00010111
10001001
11010101
10101000
10011110
00010111
10001001
00010111
10001001
11010101
10000000
00110111
00010111
10001001
11010101
00110111
00010111
10001001
11010101
11001110
00110111
00010111
10001001
00010111
10001001
11010101
00111111
00010111
10001001
11010101
10000000
00110111
00010111
10001001
11010101
00110111
00010111
10001001
11010101
00010111
10001001
11010101
00111111
00010111
10001001
11010101
10000000
00111010
00010111
10001001
11010101
00111010
00010111
10001001
11010101
01001101
10001001
11010101
00111111
01001101
10001001
11010101
10000000
00010100
01001101
10001001
11010101
00010100
01001101
10001001
11010101
01001101
10001001
11010101
00111111
01001101
10001001
11010101
10000000
01001101
10001001
11010101
10000000
00010010
01001101
10001001
11010101
01001001
10001001
11010101
00111111
01001001
10001001
11010101
00111111
01001001
10001001
11010101
10000000
01001001
10001001
11010101
10000000
01001100
10001001
11010101
00111111
01001100
10001001
11010101
00111111
01001100
10001001
11010101
10000000
01001100
10001001
11010101
10000000
00000000
10001001
11010101
00111111
00000000
10001001
11010101
00111111
00000000
10001001
11010101
00111111
00000000
10001001
11010101
00111111
11010011
10011111
01010110
10110011
11011101
01010110
10100010
01111001
11011101
01010110
10100010
01111001
10011111
01010110
10110011
01100100
11010011
10011111
01010110
10110011
11011101
01010110
10100010
01111001
11011101
01010110
10100010
01111001
10011111
01010110
10110011
01100100
11010011
10011111
01010110
10110011
11010011
10011111
01010110
10110011
11011101
01010110
10100010
01111001
11011101
01010110
10100010
01111001
11010011
10011111
01010110
10110011
11010011
10011111
01010110
10110011
11010011
10011111
01010110
10110011
11011101
01010110
10100010
01111001
11010011
10011111
01010110
10110011
11010011
10011111
01010110
10110011
11010011
10011111
01010110
10110011
11010011
10011111
01010110
10110011
11010011
10011111
01010110
10110011
11010011
10011111
01010110
10110011
11010011
10011111
01010110
10110011
11010011
10011111
01010110
10110011
11010011
10011111
01010110
10110011
11010011
10011111
01010110
10110011
11010011
10011111
01010110
10110011
11010011
10011111
01010110
10110011
11010011
10011111
01010110
10110011
11010011
10011111
01010110
10110011
11010011
10011111
01010110
10110011
11010011
10011111
01010110
10110011
10100001
11011101
01010110
10100010
10100001
11011101
01010110
10100010
10100001
11011101
01010110
10100010
10100001
11011101
01010110
10100010
10100001
11011101
01010110
10100010
10100001
11011101
01010110
10100010
10100001
11011101
01010110
10100010
10100001
11011101
01010110
10100010
10100001
11011101
01010110
10100010
10100001
11011101
01010110
10100010
10100001
11011101
01010110
10100010
10100001
11011101
01010110
10100010
